00000111000000000000000000000000000000000001110000000000001110000000000000000000000000111000000111000011100000000000001110000000000000000000
00000002000000000000111000000000001110011100200000000000000000000000000211100000000000000211102000000000200000001110002000000000000011100000
00001110000001110000000200000011120000000020011100000000002111011001110000000000000000020000000111000111000000000000111000000111000002000000
00000000111000000000000011100000000020000111000000000011100000002020000000111000000011100011100000000000000001110000000021110000000000000000
00000000002000000000000000000000001110000000000000000020000000000000001110000000000000000000001110001110000000002111011100000000111011000000
00001110000020000000000011100000000000000000002000000001000000000000000002001110111001110000000000002000111000000000000000011100020000000000
00000200111011000000000000020000001110000000111000020000000000000000000200000000000020000020000000000000020000000000000000000000011100000000
11100000000000000000000000000000002000000000000011011100000111200000001110001110000000000110020000000002000000000000000000001110000000000000
00000001110000000011100000000000000100000000000002000000000000011000000000000020000001110000011100001110001112111000000000002000000000000000
00000002000000000000021110011100000000000000001110000000000000000000000000000000111200002000000000000000000000000000011000000000111000111000
00000001110000000000000000000000000000000000000000001110111001110000000000111000000000011100000011100000000111000111020000000000002000002000
00000000000000000000011100200111000000001100011100000002000000200000111002000002000111000001110000000000002000000020001110000000000000001110
00001112001110000000000201110200000111000000000020000000011000000002000000001110000002000000020001110001110000011100000000000000000020000000
00000000002000000111000000000000002000000111001110111000002000001110002111000000000000000000111000020000000000000001110110001110001110111000
00000000001100000000200021110001110000000002000000000201110000000000000000000000111001112000000000000000000001000000002000020000000000000000
00011100000000000001110000000000000000000200111000011100000000000000111000000000000200000111000000000111000002000000000000000000000000001110
00000000000011120000000000000000000000001110000000000000111000000002000002000002000011100000000000000020011100001110011120000000000000000000
00001110000000001110000000000110002000000000211100000002000000011100110011100000111000000211100000000000000200000002000000112000000000000000
00000200000000000000002000000200111000000111000000000011100000200000000000000000000000000000000000002011120000000011100000000001110000000000
00011100000000111001110111011100000001110000000000000000000011100000000000000011121110011100000001110000000001100000000000000000000000000000
00000000001120200000000000000000000000002000111000000000000000000110111001110000000000000000011100000000000002000000000000000000000111011100
11121110000000000000001110002111000001110000000000001112000021100002000000002000011121110000200001110011100000000111000000000000000000000000
00000000000000000000000020000000000000000111000000000000011100000000000000001110000000000001110000200000201112000020002000000111000000000110
11100020000000200000001110000000000111000000000111011100000000001110111000000000000000000000000000111000000000111000001110000020000000000000
00000111000000011100000000000000200000000111000200020000000011100002000000000000000000011100000000000021110020000011100000000000000000000000
01100000000111000000001110000111000111000020011100011100000200000000000000000001110000200000000000011100000001110020000000000000011100000000
00000001110020000020000002000000000000201110000000000001110111011100211100000000000000000000011100000000200000000000000001110111000000000000
00111000002011101110000000000111000111000000000000011120000000020000000000000000000000000000002000000111000000001110000000200000000112001110
00000011100000000000000001110020000000000000000000000000000020001110000020111211100200000000000000000000000000000002011000001101110000002000
00000002001110000000000020000000000000111000000002000000000011100000011100000000001100000000000000000011121100000011020002000200200000000000
00000000000020111211000000020000000002000000000001110000000000000000000001110000000000111000111001110000000001000000000111011100011100000000
00001110001110000000000000011100000000000111000000000000111000000000010000020111200000000000020000002000111002000001110000000000000000000000
00000000000000000000111000000001110000002000000000000000200000000000000011100000000011100001110000000000000200000020000000211100000000011100
00111001110111000000200000000020000000111000000111000000001110000011100000000001110200000000000200000000000111002001110000000000000000020000
00000000020020011100001110000011100000000001110000001110002000000000021110000000020000000000001110000111000000011100000111011100000000001110
01110111000000000020000002000000000000000020000000000000000001110000000000000000000001110211100000000000200011000000002000002000001112000000
00000000011100000011100001110002000000000001110000000000111000002000000011100000000000020000000000001110000200000000011100001110000000111000
00000000020000000000000000000000111000000000000000000000002000000000000002000000111001110000000111000002011100000011000000000000000000000000
00000011100000000011100000000100000000000000000011100000000011000000111000001112000000000000000020000000000001110000000000000000000000000000
00000000000001110020000011100020000011101110000000000002000020000000002000000000000000000000000000000000000000200000011101110000000111000000
00001100000020000110000000000111000000020000111011100000111000011120000000000000111011100000000000011100000001110011000020000111000002000000
00000000011100000000000011120000000000000000000200000000000002000000000000000000000002000000111000000020000000000200000000002000000000000000
00000111000000000000020000000000000000200000000000200011120111000110021110011100111011100000002000011100020011101110000001110021110000000000
00000000000000000000011100000000001110011100000111000000000000000200000000000020200000000000000000000001110000000000000000000000000111000000
00000000011100000000000000020000002000000000000000011100002111000000000000000000011100000000000002000000000000000000000000000000002000000000
00000000020000000020000000011100001110000001110000000000000000000111000000000112000000011100000001110000000000000000000111211100000111000000
11100111000111011100000000000000000000000000002000000001110000002000002111000000000000020000100000000000000000000001110000000000000000000000
00020002002000000000000000000000000000111000001110200002000000000000000000000000000001110000020000000011100110000200002000000000000000200000
00011101100000001100111000000001110000000000000000011101110000001100001110000011100200000001110001110002000200111000000111001112000111001100
00000000001110000000020000000000002000000000000000000000000000000200000000000020001110000000000000000000011100000001110000000000000000000001
00000111002000000000000000000000000000011101112000000001110011100000000000000000000000001110000000001110000000000000000110000000000000000000
11100000201110000000000011100000000000020000000111000000020002000001110011121110000000000000000000000000000000002111000200000111000111000000
00020001100000000000000000200000000001110002000000000000000111000000020000000000000111000011100000100011101110000000011102000000200020000000
00111000000000001110000000011100111200000011100000020000000000011100001110000000000000200200000000000000000000000000000001110001110000000000
00000000000000000200000000000000000011100000000000001110020000002000000000000000111011101110000000011102111021110000000000000000000000111000
00011100000000000000002002002000000000000011100001100000011100000000000000011100002000000000000000002000000000000020001112000000020000002000
00000200111000001110110011101110000000000002000000020000000000001110000000002000000000020000000000000000000011101110000000011100011000011100
00011100000000000020000000000000000000000001110000000000000000000200000002000000000000111000000000011100000000200000211100000000000000000000
00000000000000111000000000011000000000011100000000000000000011100000000001110000000000000000000000002000000111000000000000001110000000000000
00000200000000000000000000002000000000000200000111000000200200000001110000000000000000011100000001110011100000000011100000000020000000200000
00111000000000111000000001110000000000001110000020000111000111000002000000000110000000002000111000000000200000000000021110000000000000111000
00000000111000002000000000000000111011100000011100000000000000001110011101100002000011101102000000200000000000000000000000000000200000000000
00000002000000000111001110000000002000200000000000020002111000000000000002000111000000200000000111000000002001110002000000011100011100000000
00000000111001110000000200000000000000111002111011100010000000000000111000110000000001110000200000000001110000020001110111000020000000021110
00002000000000002000000000000000000000000000000000000000000000000002000020000000000000000011100000000000000000111000000000000111000011100000
00011100000000000000000011100000111001112110000000000200021110000011101110000200020000111000000000000000011100000000000000000000000000000000
00000000000000000111000000000002000000000000000000111000000000000000000000001110110000200000000011100111200000000000011100000000011100000000
00021000000000000020000000000001110000002000000000000000000000020000011100000000000000000000020000020000000001101110200000001100000020000000
00000000000000011100111000020000000000000111000000002111001110111000020000111000000000000000011101110001110000000200000000000020000000000000
00000000000000000002000011100000000000000000001110000000000020000000000000000200000000000000000000000000020000011100011100000001110001110000
00000000000000000001100000000000000000000111000002110000111001110000111000000000000001110000000000000000011100000000000020000000000000000000
00000002111011100000000000000000000000000000000000000000000200000000000000001110000002000001110000111000000000001110000000000020011100011100
00001110000000020000000000000111000001110000001110112000001110000000001110002000020011100000020000200000020000002000011100001110200000200000
00000000000000000001110111000020000000020000002000000111000000000000000000000011100000000111000000000011101110011100000000000000000111000000
00000000000000000000000002011100111001110001110000000000000000000000002000000000000000000020000111000000000000000000000200000000000000000000
00001110000011100000001110000000200000000000000000111200000000111001110111000010000000000000000000000201110000000000011011100000000020111000
00002000000002000001100000000001110000000000000000000000000000002000000000000002000000211100000000111000000000000200000000000020000110020000
01110000000111001100000000000000000011101110000000000000011100011100000000200000011100000001110200000000000000011100000000011101110000000000
00000111200000020001110000000000000002000200000000000000000000000000000111000000002000000000020111000000011100000000000000000000000000020000
11100000000000111000020000020111000000000011100000000000000000000000000000000011100000000011100000011100000200111000000011100000000000011100
00000000000200000000000011100200000000000000000011100111000000000001100000000000200000000000000000002000011100000000000002000000000000000000
00000111001110000002111000000011101110000000000000200002011120000000000111000000111000000000000011100110000000111000110000100001110000000111
00000020000000111000000000000000002000000200000000000111000001110001110002011120000000002111000000020000000000000200200000000000000000000000
00001110200000000000000000000000110000111000111000000000000000000000020000000000000001110000011100001110000011100000000011100000000111000000
00000000011100001110000000111000000000000000200000000111000000000000111000002111000000000110002000000000000000000001110200000011102000011100
00000000000000000200111200200011100002000000000000000200000000011100000000000000002111000002000011100000011121110000020000000000000000020000
00000002000000111000000001110002000111000000000000000000000000000021110000000111000000000001110000000000000000000000111000200000211100001110
00000000111000000021110000000000000000000000000111000000000000002000000001112000001110111000000000000002111000200200000011100111000000000000
00011200000000011100000000021110000000000000002000000000001100011100000000000000100002000000000002000000000011100011100000000000000000000000
00000000001110000000000011100000000000011100000000111011100202000000211100000000020000011100000000111000000000000000000110000000000000000000
00000211100000020001112000000000000000020000000000000200000000111000000000200000000000002000011100000000112000011120002000000000000000000000
00111000000011100000000000000020000000000000000000000000000000000000000000111001110000111000000200000000000000000000111002000000111000000000
00000000000000000000000000001110000111000000000000002000000000000000000000000000000000000000000111000000000000200000000000110000020002011100
00000000001110111000000111200000002000000000000200111000000000111000000000200001110002000112000000000111011101110200000000000000000110000000
00000000000002000000000000000000000000000000111000000011101110000011120111000200000110000000111000000000002000000011100000011120000000000000
00021110011100000000000000000111000000020000000011100002000020000000000000011100000000000000000011101100000001110000000000000000000000000000
00000000000020000000011001110020000000011100000000200000111000000001110111000001110000000111000020002001110000002000111200000000000111000000
00000000000111000000000202000000000000000000000000011100000000111000020000000000000000000200000000000000000011100000000001110000000000000000
00001120000000011001110001110000001110000000001110000000011100020000000000000000000200001110200000000111000000020000000200000002111001110000
00000000001110020002000000000011100002000000000020000000000000111000000000000111001110000000111000000020000000000000000111000000000002000000
00011100002000000011100000000000200000000000000011100001110000000000000000000000200000000000000000011100000111000000000000000000000000111000
00000020000000000000001110001110011100001110000000000000002111000000000000011100001110000000000111000000000000200000000000000000000000000000
00000000000110000200000000020000000001100000011100000111000000020111020000020000000200211100000000020000000011100111000111000020000000000000
00000011100000011100000000001110000000000000000201112000000001110020011000001110000000000000111201110001110000000020002000000001110000000000
00000000020000000000111000000000000000000000011000000000000000000111000011100000000000000000000000000020000001110000111010000200000000000000
01110111011100000002000000111200000000000000000000000000000000000000000000200000001112111000211100000111000000200000000020001110001110000110
00002000000000000000000200000000111001110111000020000020000000111011100000001110000000000000000001110000000000000000000000000000000000000000
00000000000000111000011100111200000000002000011101110001110000000200000000020000000000011100000000000000000011120020000000000001100000000000
00002111000000020000000000000011100111000000000000000000000001100000000000011100000000020000011100000000000000000001110000000020000000002000
00000000000111000000000020111000000002000000000000000011100002000000001110000000001100000000200000111200000000000000000000011100111000011100
00000000000000000000001110200000000011100002111001110002000001110000000000000000000000000011100000000011100001110011100111000000200000000000
00111000000111011100000000000000000000001110000000000200000000000111000001110000001110000000000000000000000000000020000000200000000000000000
00000000000000200000000011101110000000000000011100011100011100000000200000000011120000000000001110000000000000000011100001110011121110000000
00000000111200000000000200000000000000000000000200000000200000000000000000000000000000002110000020000011100011100000000000000000000000002111
00000000000000111000011100000000000211100000111000000000000000000000000000000020000000000000000111000000020000021110000001110111000011100000
00000000000000000200000000201110111000000000000000000001110000011100000000000011100000000000200000000000111000000000111000002000000200002111
11100000000000020000000011100000000000000001110000011120000000002000000011100000001110000000111011120000000011100000000211000000000001110000
00000001110001110000111000000200000000011102000000000000000011100000000000200000000002111000000000001110000002000000000000001112110000000000
00000002000000000000000000111001110000020000002000000011100020000000011101110000002000000020011120000000111011100000000000000000000000111000
11101110000000021110000000000002000011100001110111000200000011100000020000000000011100001110000001110002000000000000000111001110000000020000
00000000000000000000000001110011100000000000000000000011100000000000011100000000000000000000000000000111000110000000000200000200000001110000
00000000000000000211100000002000000000000000000200000000000000002000000000000111000000000000000000000000000000000020000110000111000000000000
00000000000000000000000000111000020000000000001110000000200000111000000001112000002000111011100000000110000211001110000000000000002011000000
00000000000000111000000000000000011102000000000000200200011000000000000000000000110000020020001110000020111000000000000000000111011020000000
00000110111000000000000200200000000001110000000011101110000000111000000000001110000011011000020000002000000000111211100011100000000000111000
01110002000000000000111000011100111000000000000000000000000002000000000000000002000000000000001110011100211100000000000000000000000000002000
00020000000000111000000002000000000200000001110000000000001110000002000000001110011100000000000000000000000000000111000001110000000020111000
00001110011100200011120001110000000011101120000000000000000000000111011100000000200000020000001110011100111000002000000000002111001110000000
00000000000020110000000000000020000000000000000000001110000000000000000200002000000200111000000000000000000011000000000000000000000000000000
00110000000000000111000000011100011100111000011100000000001110000000000000011100011100000011100000002000000020000111000000021110000110011100
00002111000000000000200000000000000200020002000200110000002000111000000200000002000000000200000000001110001110000020000000000000000000020000
00000000000000000111000111000000011100011101110000000111200002000000011100001110002111001110000000000000000000000000000000000200000000000000
11101110000000200000000200001110000000000000000001110000000000001110000000000000000000000000000000000111000000111000000000011100000000000000
00020000000000011100000111000020001120000000111000020000000000000002000000000000000011100000000000000020000000002001110000000000000000200000
00000000000111000000000000000011000001110000000000001110001100000111000000000000000000000000001110011100000000000000002000000000000011100000
00000020002000000011100111200000000000000021100000000000000020000000020000000001110000000000000002000000000111000000011100001110000000000000
00001100001110000000000000000200000000000000000111000000000110111000111000000000000002000000000000000000000200000000000000000002011100000000
00000000000000000111001110000111000111000000002000000000000000002000000000011000011100111000000000000000111000000011100001000000000021110000
00000002111001112000002000200000002000000000000110000000020000000000021110000200002000000000000000000000000000000002000000200000200000000000
00000000000000000001110011100000001100000000000000000000011100000011100000011100000000001110000000000000000000000001110001110000111000000110